Base,G,A,T,C
1,3.5999999999999996,3.92,88.52,3.9600000000000004
2,2.54,90.96,3.64,2.86
3,2.3,3.3000000000000003,3.74,90.66
4,64.36,29.32,2.98,3.34
5,31.240000000000002,6.92,59.519999999999996,2.32
6,9.379999999999999,82.94,4.6,3.08
7,83.14,7.920000000000001,5.66,3.2800000000000002
8,87.78,5.58,3.8,2.8400000000000003
9,43.94,17.32,34.699999999999996,4.04
10-14,25.832,34.348,14.408000000000001,25.412000000000003
15-19,36.348,5.244,38.424,19.983999999999998
20-24,25.563999999999997,17.971999999999998,21.688,34.776
25-29,20.04,32.616,43.748,3.596
30-34,37.547999999999995,21.227999999999998,32.16,9.064
35-39,34.192,21.496000000000002,28.528,15.784
40-44,46.116,41.672,3.888,8.324
45-49,27.852,10.184,29.927999999999997,32.036
50-54,48.524,22.956,13.232,15.287999999999998
55-59,32.656,14.056,43.408,9.879999999999999
60-64,28.352,33.648,26.276,11.724
65-69,23.316,20.7,36.784,19.2
70-74,38.512,23.355999999999998,33.104,5.028
75-79,12.416,42.744,17.86,26.979999999999997
80-84,43.688,25.596000000000004,14.552000000000001,16.164
85-89,2.992,39.344,24.759999999999998,32.903999999999996
90-94,17.264,13.524,30.556,38.656
95-99,26.872,24.212,24.240000000000002,24.676000000000002
100-104,22.919999999999998,17.388,34.732,24.959999999999997
105-109,26.188,42.752,19.676,11.384
110-114,33.776,14.771999999999998,25.636,25.816
115-119,15.808,32.92,30.056,21.215999999999998
120-124,33.696,33.904,29.424,2.976
125-129,32.668,25.708,26.240000000000002,15.384
130-134,58.620000000000005,27.26,9.236,4.884
135-139,35.376000000000005,26.44,23.776,14.408000000000001
140-144,29.14,40.864,25.764,4.232
145-149,17.363999999999997,17.512,29.768,35.356
150-154,39.864,23.752000000000002,33.112,3.272
155-159,54.452,5.34,19.476,20.732
160-164,23.735999999999997,52.048,20.84,3.376
165-169,34.244,21.656,20.016000000000002,24.084
170-174,17.332,39.292,39.796,3.58
175-179,35.92,38.379999999999995,12.696,13.004
180-184,28.172000000000004,48.02,7.364,16.444
185-189,13.892,38.128,10.328,37.652
190-194,52.556000000000004,10.027999999999999,16.724,20.692
195-199,38.836,38.088,3.848,19.228
200-204,23.476,23.716,23.624000000000002,29.183999999999997
205-209,33.024,18.764,25.119999999999997,23.092
210-214,21.44,28.784,24.396,25.380000000000003
215-219,19.512,27.544,38.135999999999996,14.808
220-224,16.036,26.907999999999998,21.368000000000002,35.687999999999995
225-229,47.304,31.491999999999997,9.312,11.892
230-234,27.188000000000002,46.18,5.792,20.84
235-239,39.652,20.796,19.98,19.572
240-244,68.856,20.876,7.188,3.08
245-249,20.172,51.212,6.744,21.872
250-251,8.42,48.38,3.7600000000000002,39.44
