Base,G,A,T,C
1,1.6400000000000001,3.18,2.1,93.08
2,1.6199999999999999,2.3800000000000003,2.4,93.60000000000001
3,2.5,1.7999999999999998,71.88,23.82
4,88.03999999999999,4.9399999999999995,4.6,2.42
5,2.2399999999999998,2.76,92.17999999999999,2.82
6,1.78,1.8399999999999999,94.3,2.08
7,1.8599999999999999,1.9,78.64,17.599999999999998
8,93.34,2.26,2.7,1.7000000000000002
9,1.6,9.44,5.26,83.7
10-14,1.9720000000000002,4.152,20.192,73.68400000000001
15-19,23.648,17.848,24.676000000000002,33.828
20-24,20.928,5.0200000000000005,46.28,27.772000000000002
25-29,18.060000000000002,5.912,24.776,51.251999999999995
30-34,36.412,22.408,23.688000000000002,17.492
35-39,23.008,31.34,23.704,21.948
40-44,29.78,23.316,26.08,20.824
45-49,23.52,29.108,9.228,38.144
50-54,29.98,20.791999999999998,12.924,36.303999999999995
55-59,20.024,2.516,42.564,34.896
60-64,20.7,19.936,3.428,55.936
65-69,37.108000000000004,5.588,32.452,24.852
70-74,17.928,3.52,42.692,35.86
75-79,16.924,14.208000000000002,32.308,36.559999999999995
80-84,3.344,34.804,38.708,23.144000000000002
85-89,20.892,25.368000000000002,19.988,33.751999999999995
90-94,1.864,20.328,56.544000000000004,21.264
95-99,16.236,21.284,9.171999999999999,53.308
100-104,1.812,36.116,22.98,39.092
105-109,35.455999999999996,32.036,14.048,18.459999999999997
110-114,4.096,18.836,39.68,37.388
115-119,12.852,23.16,27.395999999999997,36.592
120-124,1.908,3.272,35.272,59.548
125-129,16.756,18.292,21.528,43.424
130-134,3.604,25.447999999999997,27.54,43.408
135-139,21.823999999999998,31.152,17.988,29.036
140-144,30.708000000000002,27.872000000000003,10.607999999999999,30.812
145-149,7.815999999999999,17.044,47.856,27.284000000000002
150-154,29.2,29.004,17.284,24.512
155-159,14.74,20.003999999999998,33.108,32.147999999999996
160-164,41.644,16.316,10.18,31.86
165-169,30.631999999999998,26.568,38.112,4.688
170-174,29.112,9.356,11.784,49.748
175-179,29.183999999999997,20.68,39.724,10.412
180-184,3.772,31.048,23.516000000000002,41.664
185-189,20.556,30.54,17.94,30.964000000000002
190-194,8.572000000000001,23.02,40.068,28.34
195-199,20.656,35.315999999999995,10.056,33.972
200-204,16.412,8.192,21.112000000000002,54.284
205-209,26.648,27.432000000000002,8.315999999999999,37.604
210-214,9.596,3.1199999999999997,39.696,47.588
215-219,17.144000000000002,23.888,22.64,36.327999999999996
220-224,12.02,28.092,21.352,38.536
225-229,7.576,39.784000000000006,30.148000000000003,22.492
230-234,28.18,26.712000000000003,10.404,34.704
235-239,19.332,36.696,5.376,38.596000000000004
240-244,22.416,13.059999999999999,30.976,33.548
245-249,3.3160000000000003,15.412,23.44,57.831999999999994
250-251,32.61,4.760000000000001,16.1,46.53
