Base,G,A,T,C
1,94.17999999999999,3.34,1.0999999999999999,1.38
2,95.12,2.7199999999999998,1.4200000000000002,0.74
3,1.24,46.22,2.92,49.62
4,1.92,43.84,53.059999999999995,1.18
5,1.1199999999999999,96.39999999999999,1.22,1.26
6,1.1199999999999999,1.1400000000000001,1.26,96.48
7,1.04,1.16,1.22,96.58
8,0.86,1.2,96.58,1.3599999999999999
9,1.0,0.98,96.8,1.22
10-14,20.212,20.064,38.736,20.988
15-19,20.012,20.352,39.296,20.34
20-24,2.515621196137304,18.911790959993507,15.093727176823826,63.47886066704537
25-29,9.924,12.184000000000001,29.748,48.144
30-34,22.672,36.42,28.464,12.443999999999999
35-39,18.176000000000002,36.484,23.983999999999998,21.356
40-44,34.632000000000005,2.92,39.952,22.496
45-49,36.556,30.192000000000004,11.700000000000001,21.552
50-54,17.28,10.612,31.684,40.424
55-59,14.655999999999999,11.596,28.000000000000004,45.748
60-64,28.139999999999997,28.832,17.824,25.203999999999997
65-69,24.368000000000002,21.224,23.092,31.316
70-74,21.648,37.96,13.744,26.648
75-79,22.0,25.728,17.28,34.992000000000004
80-84,33.516,14.224,23.624000000000002,28.636
85-89,18.68,36.752,13.984,30.584
90-94,8.372,27.348,12.136,52.144
95-99,26.388,16.848,21.752,35.012
100-104,31.804,15.744,25.86,26.592
105-109,35.348,24.04,15.152,25.46
110-114,34.42,16.052,18.104,31.424000000000003
115-119,32.704,15.924,34.864,16.508
120-124,35.028,27.136,15.412,22.424
125-129,41.936,24.451999999999998,8.76,24.852
130-134,48.952,15.948,15.988,19.112000000000002
135-139,41.715999999999994,14.312,38.248,5.724
140-144,25.152,21.464,21.012,32.372
145-149,41.704,15.424,19.919999999999998,22.952
150-154,37.912,17.22,19.451999999999998,25.416
155-159,25.108000000000004,25.580000000000002,32.848,16.464000000000002
160-164,9.252,39.952,34.68,16.116
165-169,24.72,51.327999999999996,15.404000000000002,8.548
170-174,21.672,44.316,13.712,20.3
175-179,16.792,37.992,20.4,24.816
180-184,9.08,36.368,34.092,20.46
185-189,9.0,60.144,14.636,16.220000000000002
190-194,9.86,63.024,10.244,16.872
195-199,15.256,55.791999999999994,9.464,19.488
200-204,13.675999999999998,56.668,9.384,20.272000000000002
205-209,7.920000000000001,58.988,11.652,21.44
210-214,4.312,66.072,9.808,19.808
215-219,7.0440000000000005,72.08,6.688,14.188
220-224,8.568000000000001,64.01599999999999,6.916,20.5
225-229,8.831999999999999,56.467999999999996,9.62,25.080000000000002
230-234,6.683999999999999,59.672000000000004,11.164,22.48
235-239,5.556,71.048,7.204000000000001,16.192
240-244,7.4399999999999995,70.588,7.632,14.34
245-249,11.944,55.891999999999996,12.052,20.112
250-251,15.42,57.75,11.82,15.010000000000002
