Base,G,A,T,C
1,45.96,51.62,1.38,1.04
2,0.8999999999999999,7.26,1.5,90.34
3,8.14,79.12,11.72,1.02
4,1.1199999999999999,5.1,4.5,89.28
5,1.82,1.0999999999999999,1.32,95.76
6,1.3,51.64,45.800000000000004,1.26
7,1.1199999999999999,46.2,46.72,5.96
8,50.8,1.18,1.7399999999999998,46.28
9,45.04,6.54,1.3,47.12
10-14,37.635999999999996,22.42,37.084,2.86
15-19,49.868,17.72,24.407999999999998,8.004
20-24,20.644000000000002,12.2,20.224,46.932
25-29,43.64,39.856,12.803999999999998,3.6999999999999997
30-34,33.724,5.4,26.428,34.448
35-39,29.224,22.64,25.94,22.195999999999998
40-44,28.023999999999997,17.716,20.268,33.992
45-49,36.54,23.072,21.951999999999998,18.436
50-54,35.68,15.631999999999998,24.16,24.528
55-59,31.588,21.064,22.288,25.06
60-64,30.444,21.451999999999998,19.900000000000002,28.204
65-69,37.252,15.556000000000001,28.152,19.040000000000003
70-74,35.532000000000004,28.644,15.344,20.48
75-79,27.755999999999997,21.688,26.372,24.184
80-84,36.187999999999995,25.5,24.548000000000002,13.764000000000001
85-89,23.555999999999997,30.208000000000002,25.812,20.424
90-94,16.304,30.108,29.252,24.336
95-99,22.732,40.796,26.72,9.751999999999999
100-104,39.288000000000004,36.327999999999996,12.332,12.052
105-109,42.768,23.768,21.88,11.584
110-114,36.124,29.052,19.212,15.612
115-119,16.444,37.891999999999996,16.956,28.708
120-124,33.112,33.82,22.064,11.004
125-129,27.74,23.016000000000002,29.299999999999997,19.944
130-134,35.02,20.663999999999998,23.964,20.352
135-139,18.784,24.3,27.444000000000003,29.471999999999998
140-144,27.38,33.967999999999996,16.772000000000002,21.88
145-149,28.88,31.472,22.040000000000003,17.607999999999997
150-154,22.948,23.124,26.723999999999997,27.204
155-159,18.004,21.52,35.948,24.528
160-164,22.983999999999998,17.476,31.580000000000002,27.96
165-169,23.264000000000003,14.572,30.919999999999998,31.244
170-174,16.232,19.016,37.236000000000004,27.516000000000002
175-179,19.936,29.752000000000002,31.852000000000004,18.459999999999997
180-184,9.512,58.292,20.352,11.844000000000001
185-189,14.728,46.004,18.872,20.396
190-194,9.228,35.732,30.112,24.928
195-199,17.832,29.080000000000002,35.268,17.82
200-204,9.668000000000001,59.288,16.512,14.532
205-209,6.9,68.64,12.2,12.26
210-214,3.6159999999999997,75.556,10.796,10.032
215-219,2.9080000000000004,71.17999999999999,15.964,9.948
220-224,3.08,64.68,23.604,8.636000000000001
225-229,3.4840000000000004,63.988,25.024,7.504
230-234,3.58,63.744,24.26,8.416
235-239,4.404,61.528000000000006,23.816000000000003,10.252
240-244,6.824,56.836,25.944,10.395999999999999
245-249,9.959999999999999,52.903999999999996,26.407999999999998,10.728
250-251,9.35,55.379999999999995,27.639999999999997,7.630000000000001
