Base,G,A,T,C
1,2.64,5.88,3.2,88.28
2,2.8000000000000003,3.7800000000000002,3.2800000000000002,90.14
3,2.9000000000000004,3.02,87.66000000000001,6.419999999999999
4,83.06,8.0,5.46,3.4799999999999995
5,3.94,4.54,88.8,2.7199999999999998
6,2.6599999999999997,3.34,91.18,2.82
7,2.76,3.1199999999999997,67.02,27.1
8,88.38000000000001,3.8600000000000003,4.54,3.2199999999999998
9,3.52,19.12,4.06,73.3
10-14,3.04,5.811999999999999,21.568,69.58
15-19,18.572,22.48,21.060000000000002,37.888
20-24,20.236,6.752,45.748,27.264
25-29,12.132,7.576,28.632,51.66
30-34,35.848,22.42,27.072000000000003,14.66
35-39,14.951999999999998,38.324000000000005,25.804,20.919999999999998
40-44,24.62,23.528,30.064,21.788
45-49,22.375999999999998,25.452,16.956,35.215999999999994
50-54,26.479999999999997,23.548,25.112000000000002,24.86
55-59,19.848,3.424,39.404,37.324
60-64,19.836000000000002,16.28,9.724,54.16
65-69,35.812,10.156,39.24,14.792
70-74,17.227999999999998,7.24,47.096,28.436
75-79,12.344,12.564,37.708000000000006,37.384
80-84,3.2439999999999998,38.58,38.995999999999995,19.18
85-89,22.152,20.608,22.503999999999998,34.736
90-94,3.5839999999999996,20.884,51.964,23.568
95-99,18.148,20.232,5.763999999999999,55.855999999999995
100-104,3.524,32.76,23.144000000000002,40.572
105-109,33.596,31.540000000000003,17.732,17.132
110-114,4.6240000000000006,24.072,41.384,29.92
115-119,14.112,23.828,27.008,35.052
120-124,4.36,9.404,27.948,58.288
125-129,13.796,26.476,23.924,35.804
130-134,2.812,29.5,34.168,33.52
135-139,20.344,28.848000000000003,32.848,17.96
140-144,26.375999999999998,25.016,13.672,34.936
145-149,9.5,21.196,42.559999999999995,26.744
150-154,22.548000000000002,33.967999999999996,16.564,26.919999999999998
155-159,25.208000000000002,24.312,23.388,27.092
160-164,36.428,30.688,15.548,17.336
165-169,30.944,26.268,37.736,5.0520000000000005
170-174,16.996,14.004,25.419999999999998,43.580000000000005
175-179,26.188,17.576,42.492000000000004,13.744
180-184,4.352,33.08,23.084,39.484
185-189,18.112000000000002,35.608000000000004,20.168,26.112000000000002
190-194,11.187999999999999,27.328000000000003,34.004,27.48
195-199,8.288,44.728,13.324,33.660000000000004
200-204,14.208000000000002,16.184,20.424,49.184
205-209,28.732000000000003,29.483999999999998,10.468,31.316
210-214,7.66,5.072,41.660000000000004,45.608
215-219,13.832,29.772,20.812,35.583999999999996
220-224,8.236,33.704,20.304,37.756
225-229,3.932,40.38,34.132,21.556
230-234,33.56,23.268,16.576,26.595999999999997
235-239,17.984,36.42,7.824000000000001,37.772
240-244,22.503999999999998,15.468000000000002,32.312000000000005,29.715999999999998
245-249,2.96,21.856,21.976000000000003,53.208
250-251,27.060000000000002,8.129999999999999,21.48,43.33
