Base,G,A,T,C
1,9.379999999999999,2.74,85.02,2.86
2,1.3599999999999999,94.67999999999999,2.3,1.66
3,1.4200000000000002,2.22,2.12,94.24
4,73.02,23.0,1.8599999999999999,2.12
5,36.4,21.0,41.02,1.58
6,14.52,81.92,1.72,1.8399999999999999
7,87.6,3.92,3.8,4.68
8,85.78,7.24,2.98,4.0
9,56.44,9.879999999999999,28.1,5.58
10-14,29.439999999999998,33.312000000000005,11.848,25.4
15-19,37.62,3.376,39.864,19.139999999999997
20-24,31.887999999999998,11.364,28.408,28.34
25-29,20.048,28.768,43.484,7.7
30-34,38.208,21.492,28.464,11.836
35-39,35.824,20.812,25.816,17.548
40-44,49.248,40.18,1.968,8.604000000000001
45-49,34.332,7.428,27.724,30.516
50-54,54.75600000000001,22.608,5.392,17.244
55-59,34.38,11.248,34.264,20.108
60-64,28.048000000000002,39.696,22.852,9.404
65-69,28.492,17.984,30.887999999999998,22.636
70-74,40.572,23.308,32.332,3.788
75-79,9.972,40.812,20.384,28.832
80-84,48.396,11.24,11.488,28.876
85-89,3.1119999999999997,38.147999999999996,26.704,32.036
90-94,31.316,8.28,17.492,42.912
95-99,31.503999999999998,34.256,20.188,14.052000000000001
100-104,25.424000000000003,15.804000000000002,29.38,29.392000000000003
105-109,28.044000000000004,46.552,17.044,8.36
110-114,29.752000000000002,10.975999999999999,28.360000000000003,30.912
115-119,29.808,17.604,30.616,21.972
120-124,43.26,28.248,24.584,3.9079999999999995
125-129,43.848,20.516000000000002,18.304000000000002,17.332
130-134,57.288,35.632000000000005,4.944,2.136
135-139,35.432,26.512,24.272,13.783999999999999
140-144,36.748,39.172000000000004,19.088,4.992
145-149,17.376,15.196000000000002,31.363999999999997,36.064
150-154,39.507999999999996,21.54,36.02,2.932
155-159,53.047999999999995,10.436,19.584,16.932
160-164,22.656000000000002,54.652,19.900000000000002,2.792
165-169,34.128,21.215999999999998,23.656,21.0
170-174,21.72,38.888,35.172,4.22
175-179,36.156,29.812,17.028,17.004
180-184,34.455999999999996,44.936,4.247999999999999,16.36
185-189,22.532,31.78,6.292000000000001,39.396
190-194,54.188,4.843999999999999,20.952,20.016000000000002
195-199,37.08,41.252,2.904,18.764
200-204,37.224000000000004,12.772,20.119999999999997,29.884
205-209,38.236,8.448,27.668,25.648
210-214,22.488,24.368000000000002,23.256,29.887999999999998
215-219,20.944,24.592,31.488,22.976
220-224,19.772000000000002,23.712,20.476,36.04
225-229,47.832,26.144000000000002,8.228,17.796
230-234,26.976,43.756,5.4559999999999995,23.812
235-239,34.332,26.028000000000002,16.688,22.952
240-244,72.42,18.976000000000003,4.864,3.74
245-249,22.024,51.727999999999994,4.668,21.58
250-251,15.02,37.84,3.8,43.34
