Base,G,A,T,C
1,0.9199999999999999,1.7999999999999998,1.34,95.94
2,0.7062146892655368,1.977401129943503,2.2598870056497176,95.05649717514125
3,1.16,1.52,77.9,19.42
4,81.72,2.7199999999999998,14.12,1.44
5,1.273074474856779,1.3791640144281774,96.18077657542966,1.1669849352853807
6,1.310700472711646,1.0528577567683712,96.36871508379889,1.2677266867211001
7,0.98,1.44,70.44,27.139999999999997
8,95.84,1.1199999999999999,1.66,1.38
9,1.16,19.2,0.9400000000000001,78.7
10-14,1.136634134729826,2.779100214234706,28.165912877886218,67.91835277314925
15-19,21.116,18.624,21.208,39.052
20-24,20.36,7.424,46.272000000000006,25.944
25-29,18.951999999999998,4.5440000000000005,21.736,54.767999999999994
30-34,32.86,24.756,23.232,19.152
35-39,20.704,24.548000000000002,31.572,23.176
40-44,30.488,23.352,26.544,19.616
45-49,27.008,19.612,11.876000000000001,41.504000000000005
50-54,22.272,27.66,11.559999999999999,38.507999999999996
55-59,20.048,1.284,40.156,38.512
60-64,20.34,23.48,2.1,54.08
65-69,39.208,7.192,30.031999999999996,23.568
70-74,18.9,2.044,45.668,33.388
75-79,18.060000000000002,11.152,34.160000000000004,36.628
80-84,1.236,36.636,39.536,22.592000000000002
85-89,20.468,22.28,22.492,34.760000000000005
90-94,1.1400000000000001,20.096,57.864000000000004,20.9
95-99,19.204,20.108,5.028,55.66
100-104,1.004,38.532,21.112000000000002,39.352
105-109,34.716,33.224,11.508000000000001,20.552
110-114,1.7319999999999998,19.416,40.111999999999995,38.74
115-119,21.464,19.72,28.26,30.556
120-124,1.48,2.04,35.228,61.251999999999995
125-129,15.744,15.056,20.084,49.116
130-134,1.864,26.86,27.048,44.228
135-139,23.748,30.916,17.528,27.808
140-144,30.544,32.596000000000004,5.836,31.024
145-149,3.2079999999999997,17.68,51.559999999999995,27.552
150-154,30.136000000000003,28.016000000000002,16.008,25.840000000000003
155-159,18.428,20.508000000000003,28.712,32.352
160-164,57.408,12.648000000000001,8.16,21.784
165-169,36.687999999999995,20.636,36.596000000000004,6.08
170-174,20.188,5.872,7.76,66.18
175-179,21.484,15.584000000000001,43.584,19.348000000000003
180-184,3.128,29.880000000000003,24.291999999999998,42.699999999999996
185-189,19.704,29.26,17.096,33.94
190-194,10.92,16.292,41.068,31.72
195-199,18.592,26.328000000000003,15.260000000000002,39.82
200-204,16.619999999999997,8.716,22.124,52.54
205-209,21.012,22.564,8.884,47.54
210-214,5.827999999999999,1.4040000000000001,38.112,54.656000000000006
215-219,7.936,32.692,17.868000000000002,41.504000000000005
220-224,13.388,26.86,20.232,39.519999999999996
225-229,4.672,42.992000000000004,26.516000000000002,25.82
230-234,30.572,24.560000000000002,14.704,30.164
235-239,17.308,34.304,3.3480000000000003,45.04
240-244,23.22,10.136000000000001,30.471999999999998,36.172
245-249,1.564,14.452000000000002,20.8,63.184
250-251,33.29,1.68,12.7,52.33
