Base,G,A,T,C
1,1.96,1.96,94.69999999999999,1.38
2,0.7799999999999999,95.92,1.7999999999999998,1.5
3,0.4921700223713647,1.5212527964205815,1.342281879194631,96.64429530201343
4,78.58000000000001,18.8,1.44,1.18
5,45.12,5.48,48.4,1.0
6,3.08,94.14,1.2,1.58
7,93.26,1.52,3.5000000000000004,1.72
8,95.0,2.5,1.16,1.34
9,44.54,22.2,30.740000000000002,2.52
10-14,28.044000000000004,34.760000000000005,10.996,26.200000000000003
15-19,39.287014931412614,1.570023874074374,38.74883664468094,20.39412454983207
20-24,27.148,14.863999999999999,23.852,34.136
25-29,20.424,26.136,48.232,5.208
30-34,39.208,20.384,26.779999999999998,13.628000000000002
35-39,34.544000000000004,20.252,35.196,10.008000000000001
40-44,52.083999999999996,39.068000000000005,1.34,7.507999999999999
45-49,37.936,8.744,25.86,27.46
50-54,50.239999999999995,24.592,6.508,18.66
55-59,37.092000000000006,15.695999999999998,27.276,19.936
60-64,29.604000000000003,41.736000000000004,16.332,12.328
65-69,27.544,17.832,31.884,22.74
70-74,39.536,25.96,32.26,2.244
75-79,16.82,41.339999999999996,17.552,24.288
80-84,63.980000000000004,9.224,5.944,20.852
85-89,1.324,39.052,20.84,38.784
90-94,20.644000000000002,5.232,14.172,59.952000000000005
95-99,31.976,28.276,20.24,19.508
100-104,22.268,15.52,31.0,31.212
105-109,24.895999999999997,51.396,16.408,7.3
110-114,30.196,7.852,33.300000000000004,28.652
115-119,24.264,16.387999999999998,34.392,24.956
120-124,45.412,26.912000000000003,25.752000000000002,1.924
125-129,44.212,23.832,15.096000000000002,16.86
130-134,60.984,32.384,4.468,2.164
135-139,32.403999999999996,27.364,16.66,23.572000000000003
140-144,37.328,39.436,21.227999999999998,2.008
145-149,19.42,10.996,33.444,36.14
150-154,39.367999999999995,20.916,38.492,1.224
155-159,54.867999999999995,5.412,19.588,20.132
160-164,20.544,57.611999999999995,20.456,1.388
165-169,33.92,22.220000000000002,22.596,21.264
170-174,18.88,39.467999999999996,37.752,3.9
175-179,36.272,35.24,11.596,16.892
180-184,32.516,43.864,3.8960000000000004,19.724
185-189,22.008,28.58,8.692,40.72
190-194,52.748,5.696,20.5,21.056
195-199,39.867999999999995,38.224000000000004,1.492,20.416
200-204,36.403999999999996,11.264000000000001,28.284,24.048
205-209,39.716,10.184,18.908,31.191999999999997
210-214,19.268,27.692,23.472,29.568
215-219,21.396,32.28,24.856,21.468
220-224,21.324,19.400000000000002,23.868000000000002,35.408
225-229,50.93600000000001,23.456,5.664000000000001,19.944
230-234,24.5,46.104,6.936000000000001,22.46
235-239,41.492000000000004,18.492,17.264,22.752
240-244,73.26,19.387999999999998,5.844,1.508
245-249,19.832,51.6,3.168,25.4
250-251,18.5,43.46,1.47,36.57
